20150101,NA
20150102,NA
20150103,NA
20150104,NA
20150105,NA
20150106,NA
20150107,NA
20150108,NA
20150109,NA
20150110,NA
20150111,NA
20150112,NA
20150113,NA
20150114,NA
20150115,NA
20150116,NA
20150117,NA
20150118,NA
20150119,NA
20150120,NA
20150121,NA
20150122,NA
20150123,NA
20150124,NA
20150125,NA
20150126,NA
20150127,NA
20150128,NA
20150129,NA
20150130,NA
20150131,NA
20150201,NA
20150202,NA
20150203,NA
20150204,NA
20150205,NA
20150206,NA
20150207,NA
20150208,NA
20150209,NA
20150210,NA
20150211,NA
20150212,NA
20150213,NA
20150214,NA
20150215,NA
20150216,NA
20150217,NA
20150218,NA
20150219,NA
20150220,NA
20150221,NA
20150222,NA
20150223,NA
20150224,NA
20150225,NA
20150226,NA
20150227,NA
20150228,NA
20150301,NA
20150302,NA
20150303,NA
20150304,NA
20150305,NA
20150306,NA
20150307,NA
20150308,NA
20150309,NA
20150310,NA
20150311,NA
20150312,NA
20150313,NA
20150314,NA
20150315,NA
20150316,NA
20150317,NA
20150318,NA
20150319,NA
20150320,NA
20150321,NA
20150322,NA
20150323,NA
20150324,NA
20150325,NA
20150326,NA
20150327,NA
20150328,NA
20150329,NA
20150330,NA
20150331,NA
20150401,NA
20150402,NA
20150403,NA
20150404,NA
20150405,NA
20150406,NA
20150407,NA
20150408,NA
20150409,NA
20150410,NA
20150411,NA
20150412,NA
20150413,NA
20150414,NA
20150415,NA
20150416,NA
20150417,NA
20150418,NA
20150419,NA
20150420,NA
20150421,NA
20150422,NA
20150423,NA
20150424,NA
20150425,NA
20150426,NA
20150427,NA
20150428,NA
20150429,NA
20150430,NA
20150501,NA
20150502,NA
20150503,NA
20150504,NA
20150505,NA
20150506,NA
20150507,NA
20150508,NA
20150509,NA
20150510,NA
20150511,NA
20150512,NA
20150513,NA
20150514,NA
20150515,NA
20150516,NA
20150517,NA
20150518,NA
20150519,NA
20150520,NA
20150521,NA
20150522,NA
20150523,NA
20150524,NA
20150525,NA
20150526,NA
20150527,NA
20150528,NA
20150529,NA
20150530,NA
20150601,NA
20150602,NA
20150603,NA
20150604,NA
20150605,NA
20150606,NA
20150607,NA
20150608,NA
20150609,NA
20150610,NA
20150611,NA
20150612,NA
20150613,NA
20150614,NA
20150615,NA
20150616,NA
20150617,NA
20150618,NA
20150619,NA
20150620,NA
20150621,NA
20150622,NA
20150623,NA
20150624,NA
20150625,NA
20150626,NA
20150627,NA
20150628,NA
20150629,NA
20150630,NA
20150631,NA
20150701,NA
20150702,NA
20150703,NA
20150704,NA
20150705,NA
20150706,NA
20150707,NA
20150708,NA
20150709,NA
20150710,NA
20150711,NA
20150712,NA
20150713,NA
20150714,NA
20150715,NA
20150716,NA
20150717,NA
20150718,NA
20150719,NA
20150720,NA
20150721,NA
20150722,NA
20150723,NA
20150724,NA
20150725,NA
20150726,NA
20150727,NA
20150728,NA
20150729,NA
20150730,NA
20150731,NA
20150801,NA
20150802,NA
20150803,NA
20150804,NA
20150805,NA
20150806,NA
20150807,NA
20150808,NA
20150809,NA
20150810,NA
20150811,NA
20150812,NA
20150813,NA
20150814,NA
20150815,NA
20150816,NA
20150817,NA
20150818,NA
20150819,NA
20150820,NA
20150821,NA
20150822,NA
20150823,NA
20150824,NA
20150825,NA
20150826,NA
20150827,NA
20150828,NA
20150829,NA
20150830,NA
20150831,NA
20150901,NA
20150902,NA
20150903,NA
20150904,NA
20150905,NA
20150906,NA
20150907,NA
20150908,NA
20150909,NA
20150910,NA
20150911,NA
20150912,NA
20150913,NA
20150914,NA
20150915,NA
20150916,NA
20150917,NA
20150918,NA
20150919,NA
20150920,NA
20150921,NA
20150922,NA
20150923,NA
20150924,NA
20150925,NA
20150926,NA
20150927,NA
20150928,NA
20150929,NA
20150930,NA
20151001,NA
20151002,NA
20151003,NA
20151004,NA
20151005,NA
20151006,NA
20151007,NA
20151008,NA
20151009,NA
20151010,NA
20151011,NA
20151012,NA
20151013,NA
20151014,NA
20151015,NA
20151016,NA
20151017,NA
20151018,NA
20151019,NA
20151020,NA
20151021,NA
20151022,NA
20151023,NA
20151024,NA
20151025,NA
20151026,NA
20151027,NA
20151028,NA
20151029,NA
20151030,NA
20151031,NA
20151101,NA
20151102,NA
20151103,NA
20151104,NA
20151105,NA
20151106,NA
20151107,NA
20151108,NA
20151109,NA
20151110,NA
20151111,NA
20151112,NA
20151113,NA
20151114,NA
20151115,NA
20151116,NA
20151117,NA
20151118,NA
20151119,NA
20151120,NA
20151121,NA
